0.5196095 -0.04502272 0.008889198 
0.47502 -0.3741864 -0.05844092 
-0.4347684 -0.06252252 -0.04528475 
-0.4120714 -0.3375705 -0.1031743 
0.5012079 0.2535865 0.03442442 
-0.4208634 0.254485 -0.0003938079 
0.4463935 -0.7146966 -0.1249655 
-0.4405303 -0.6116447 -0.1568541 
0.4975043 0.1050021 -0.3076187 
-0.4229609 0.1173543 -0.3703163 
0.5202321 -0.3626847 -0.3705449 
-0.3918195 -0.2325182 -0.4260432 
0.09386983 0.3368379 -0.2971072 
-0.1938673 0.4032751 -0.2278346 
0.2590822 -0.5414575 -0.7733211 
-0.3072049 -0.5017445 -0.7269787 
