0.5201817 -0.03835839 -0.02681649 
0.4744723 -0.3699259 -0.08014488 
-0.4355162 -0.06101718 -0.04117841 
-0.413872 -0.3379344 -0.08982128 
0.5013951 0.2609261 -0.01151919 
-0.4213225 0.2574736 -0.00855267 
0.4448003 -0.7127495 -0.1329065 
-0.4431734 -0.6138936 -0.1322013 
0.4844547 0.09982792 -0.3474432 
-0.4378512 0.1067994 -0.3727997 
0.5068547 -0.3697817 -0.3940504 
-0.4073199 -0.2447833 -0.4168845 
0.08047018 0.3305496 -0.3289196 
-0.2045181 0.3985366 -0.2504041 
0.230353 -0.5641419 -0.7789641 
-0.3337565 -0.5246323 -0.7109553 
-0.09905094 0.1383162 -0.7588964 
