-0.2372275 -0.06984632 -0.1379094 
0.2318413 -0.04043719 -0.1484637 
-0.9204075 -0.1082109 -0.213379 
0.903148 -0.001506556 -0.1377436 
-0.2584919 0.5378994 -0.1774408 
0.1792542 0.5861503 -0.1630794 
-0.7014292 -0.002974484 0.2600187 
0.6751728 0.05641139 0.3231092 
-0.2499722 -1.001744 -0.0748705 
0.2868446 -1.014465 -0.03590488 
-0.120272 -0.3022343 -0.04462567 
0.08795586 -0.301377 -0.03012376 
0.1971848 -0.5655157 0.06539357 
-0.195302 -0.4933155 0.08271955 
-0.7005451 0.2732914 -0.2633804 
0.6774658 0.4043791 -0.05126363 
