-0.2566251 -0.07200431 -0.02852678 
0.1633554 -0.04466661 -0.05265073 
-0.9484797 -0.1278569 -0.04478157 
0.8809468 0.004265562 -0.1169559 
-0.2743919 0.557483 -0.06731397 
0.162305 0.60969 -0.09074749 
-0.270569 -0.9560617 0.1074318 
0.258636 -0.9740717 0.07930401 
0.1539649 -0.533514 0.07030454 
-0.241251 -0.4695858 0.1719592 
-0.7534463 0.06003765 0.2948764 
0.7430112 0.1603256 0.2714054 
-0.6549686 0.3259775 -0.08977509 
0.566847 0.4732278 -0.003096402 
-0.09853563 -0.2916342 0.08644596 
0.06097988 -0.3088616 0.09087264 
-0.688471 -0.7252306 0.0739181 
0.7809911 -0.6969393 0.02539361 
-0.2401392 0.1910715 0.02293691 
0.184157 0.2142325 0.0153475 
