0.45 5 (1.9, 2.6, 0.2) True
0.45 5 (1.7, 2.6, -0.1) True
0.6000001 5 (1.4, 2.5, -0.3) False
0.7000001 5 (1.1, 2.5, -0.3) False
0.6000001 5 (0.8, 2.4, -0.1) False
0.8000001 3 (0.7, 2.4, 0.2) False
0.7000001 3 (0.7, 2.4, 0.6) False
0.7000001 3 (0.8, 2.4, 0.8) False
0.7000001 4 (1.1, 2.5, 1.0) False
0.6000001 5 (1.5, 2.5, 1.0) False
0.6000001 5 (1.7, 2.6, 0.8) False
0.6000001 5 (1.9, 2.6, 0.5) False
0.45 5 (1.8, 2.9, 0.2) True
0.45 5 (1.6, 2.9, 0.0) True
0.45 5 (1.3, 2.8, -0.2) False
0.6000001 5 (1.1, 2.8, -0.2) False
0.6000001 5 (0.8, 2.7, 0.0) False
0.6000001 3 (0.7, 2.7, 0.2) False
0.8000001 3 (0.7, 2.7, 0.5) False
0.7000001 3 (0.8, 2.8, 0.8) False
0.7000001 3 (1.1, 2.8, 0.9) False
0.6000001 5 (1.4, 2.8, 0.9) False
0.6000001 5 (1.6, 2.9, 0.7) False
0.45 5 (1.8, 2.9, 0.5) True
0.45 5 (1.9, 2.3, 0.2) False
0.6000001 5 (1.7, 2.2, 0.0) True
0.45 5 (1.5, 2.2, -0.2) False
0.6000001 5 (1.2, 2.1, -0.2) False
0.7000001 4 (0.9, 2.1, 0.0) False
0.8000001 3 (0.8, 2.1, 0.2) False
0.7000001 2 (0.8, 2.1, 0.5) False
0.8000001 3 (1.0, 2.1, 0.8) False
0.6000001 5 (1.2, 2.2, 0.9) False
0.6000001 5 (1.5, 2.2, 0.9) False
0.45 5 (1.7, 2.2, 0.8) False
0.45 5 (1.9, 2.3, 0.5) False
0.5000001 5 (1.5, 3.1, 0.3) True
0.45 5 (1.4, 3.1, 0.1) False
0.6000001 5 (1.3, 3.1, 0.0) False
0.7000001 4 (1.1, 3.0, 0.1) False
0.7000001 3 (1.0, 3.0, 0.1) False
0.9000002 2 (0.9, 3.0, 0.3) False
0.8000001 1 (0.9, 3.0, 0.5) False
0.8000001 1 (1.0, 3.0, 0.6) False
0.8000001 2 (1.1, 3.0, 0.7) False
0.6000001 3 (1.3, 3.1, 0.7) False
0.5000001 4 (1.4, 3.1, 0.6) False
0.45 5 (1.5, 3.1, 0.4) False
0.5000001 4 (1.7, 2.0, 0.3) False
0.6000001 5 (1.6, 2.0, 0.1) False
0.6000001 4 (1.4, 1.9, 0.1) False
0.6000001 5 (1.3, 1.9, 0.1) False
0.6000001 4 (1.1, 1.9, 0.2) False
0.6000001 4 (1.1, 1.9, 0.3) False
0.6000001 3 (1.1, 1.9, 0.5) False
0.6000001 5 (1.2, 1.9, 0.6) False
0.7000001 4 (1.3, 1.9, 0.7) False
0.6000001 4 (1.5, 2.0, 0.7) False
0.6000001 5 (1.6, 2.0, 0.6) False
0.6000001 4 (1.7, 2.0, 0.4) False
