0.2 5 (1.4, 2.6, 0.1) True
0.2 5 (1.2, 2.6, -0.2) True
0.25 4 (0.9, 2.6, -0.4) False
0.25 4 (0.6, 2.5, -0.3) False
0.3 3 (0.3, 2.5, -0.1) False
0.3 2 (0.2, 2.4, 0.2) False
0.35 2 (0.2, 2.4, 0.5) False
0.3 2 (0.4, 2.4, 0.8) False
0.3 3 (0.7, 2.5, 0.9) False
0.25 4 (1.0, 2.5, 0.9) False
0.25 3 (1.3, 2.6, 0.7) False
0.2 5 (1.4, 2.6, 0.4) True
0.2 5 (1.2, 2.9, 0.1) True
0.2 5 (1.1, 2.9, -0.1) True
0.25 4 (0.8, 2.9, -0.2) False
0.25 4 (0.5, 2.8, -0.2) False
0.35 1 (0.3, 2.8, 0.0) False
0.35 1 (0.2, 2.7, 0.2) False
0.4 1 (0.2, 2.7, 0.5) False
0.35 2 (0.4, 2.7, 0.7) False
0.35 3 (0.6, 2.8, 0.9) False
0.3 3 (0.9, 2.8, 0.8) False
0.25 5 (1.2, 2.9, 0.7) False
0.2 4 (1.3, 2.9, 0.4) True
0.25 5 (1.4, 2.3, 0.1) True
0.25 4 (1.2, 2.3, -0.2) False
0.25 4 (0.9, 2.2, -0.3) False
0.3 3 (0.6, 2.2, -0.3) False
0.35 2 (0.4, 2.1, -0.1) False
0.35 2 (0.3, 2.1, 0.2) False
0.4 1 (0.3, 2.1, 0.5) False
0.35 2 (0.5, 2.1, 0.7) False
0.35 2 (0.8, 2.1, 0.8) False
0.3 2 (1.1, 2.2, 0.8) False
0.25 3 (1.3, 2.3, 0.6) False
0.25 4 (1.4, 2.3, 0.4) False
0.25 5 (1.0, 3.1, 0.2) False
0.25 4 (0.9, 3.1, 0.1) False
0.25 3 (0.7, 3.1, 0.0) False
0.25 3 (0.6, 3.1, 0.0) False
0.3 2 (0.4, 3.0, 0.1) False
0.35 2 (0.4, 3.0, 0.3) False
0.35 1 (0.4, 3.0, 0.4) False
0.3 2 (0.5, 3.0, 0.6) False
0.3 3 (0.6, 3.0, 0.6) False
0.3 3 (0.8, 3.1, 0.6) False
0.3 3 (0.9, 3.1, 0.5) False
0.25 3 (1.0, 3.1, 0.4) True
0.25 3 (1.2, 2.0, 0.1) False
0.3 3 (1.1, 2.0, 0.0) False
0.3 3 (0.9, 2.0, -0.1) False
0.3 3 (0.8, 2.0, 0.0) False
0.3 2 (0.6, 1.9, 0.0) False
0.35 2 (0.6, 1.9, 0.2) False
0.4 1 (0.6, 1.9, 0.4) False
0.35 1 (0.7, 1.9, 0.5) False
0.35 2 (0.8, 1.9, 0.6) False
0.3 2 (1.0, 2.0, 0.6) False
0.3 3 (1.1, 2.0, 0.5) False
0.3 3 (1.2, 2.0, 0.3) False
