0.15 5 (1.8, 2.7, 0.0) True
0.15 5 (1.6, 2.7, -0.1) True
0.25 4 (1.2, 2.6, -0.2) True
0.25 4 (0.9, 2.6, 0.0) True
0.35 3 (0.8, 2.5, 0.2) True
0.35 2 (0.7, 2.5, 0.6) False
0.4 3 (0.9, 2.5, 0.9) True
0.35 2 (1.2, 2.6, 1.1) False
0.4 2 (1.5, 2.6, 1.1) True
0.25 4 (1.8, 2.7, 1.0) True
0.3 3 (2.0, 2.7, 0.7) True
0.15 5 (2.0, 2.7, 0.3) True
0.15 5 (1.7, 3.0, 0.1) True
0.15 5 (1.5, 3.0, -0.1) True
0.25 4 (1.2, 2.9, -0.1) True
0.25 4 (0.9, 2.9, 0.1) True
0.35 2 (0.8, 2.8, 0.3) True
0.4 2 (0.8, 2.8, 0.6) False
0.4 3 (0.9, 2.8, 0.8) False
0.35 3 (1.1, 2.9, 1.0) False
0.35 2 (1.4, 2.9, 1.0) True
0.3 3 (1.7, 3.0, 0.9) False
0.25 4 (1.8, 3.0, 0.7) False
0.15 5 (1.8, 3.0, 0.4) True
0.15 5 (1.8, 2.4, 0.1) True
0.25 4 (1.6, 2.4, -0.1) True
0.35 3 (1.3, 2.3, -0.1) True
0.3 4 (1.1, 2.2, 0.0) True
0.3 3 (0.9, 2.2, 0.3) False
0.3 3 (0.9, 2.2, 0.6) True
0.5000001 2 (1.0, 2.2, 0.8) True
0.5500001 1 (1.2, 2.2, 1.0) False
0.4 2 (1.5, 2.3, 1.0) True
0.3 4 (1.8, 2.3, 0.9) False
0.25 3 (1.9, 2.4, 0.6) True
0.15 5 (2.0, 2.4, 0.4) False
0.3 4 (1.5, 3.2, 0.3) True
0.3 4 (1.4, 3.2, 0.2) True
0.25 3 (1.2, 3.2, 0.2) False
0.25 4 (1.0, 3.1, 0.2) False
0.25 4 (1.0, 3.1, 0.4) False
0.3 3 (0.9, 3.1, 0.5) True
0.4 2 (1.0, 3.1, 0.7) True
0.4 2 (1.2, 3.1, 0.8) True
0.4 3 (1.3, 3.2, 0.8) True
0.3 3 (1.5, 3.2, 0.7) False
0.3 3 (1.6, 3.2, 0.6) True
0.35 3 (1.6, 3.2, 0.4) True
0.25 4 (1.7, 2.1, 0.2) True
0.25 3 (1.6, 2.1, 0.1) True
0.3 3 (1.4, 2.1, 0.1) True
0.35 3 (1.3, 2.0, 0.2) True
0.3 2 (1.2, 2.0, 0.3) False
0.4 1 (1.2, 2.0, 0.5) False
0.5000001 1 (1.2, 2.0, 0.7) False
0.45 1 (1.4, 2.0, 0.8) True
0.4 3 (1.5, 2.1, 0.8) True
0.25 3 (1.7, 2.1, 0.7) True
0.3 4 (1.8, 2.1, 0.6) True
0.25 4 (1.8, 2.1, 0.4) True
