0.3 5 (1.9, 2.5, 0.2) True
0.45 4 (1.8, 2.5, -0.1) True
0.5000001 5 (1.5, 2.5, -0.3) True
0.5000001 4 (1.2, 2.5, -0.3) True
0.5500001 3 (0.9, 2.5, -0.1) False
0.5000001 3 (0.7, 2.5, 0.2) False
0.6000001 1 (0.7, 2.5, 0.5) False
0.5500001 2 (0.8, 2.5, 0.8) False
0.5000001 3 (1.1, 2.5, 1.0) False
0.5000001 4 (1.5, 2.5, 1.0) True
0.5000001 5 (1.8, 2.5, 0.8) True
0.45 5 (1.9, 2.5, 0.5) True
0.4 5 (1.9, 2.8, 0.2) True
0.45 4 (1.7, 2.8, 0.0) True
0.5000001 3 (1.5, 2.9, -0.2) True
0.5000001 3 (1.2, 2.9, -0.2) False
0.5000001 3 (0.9, 2.9, 0.0) False
0.5500001 3 (0.8, 2.9, 0.2) False
0.5500001 2 (0.8, 2.9, 0.5) False
0.5500001 2 (0.9, 2.9, 0.7) False
0.5500001 3 (1.2, 2.8, 0.9) False
0.5500001 3 (1.5, 2.8, 0.9) True
0.5000001 4 (1.7, 2.8, 0.8) True
0.45 5 (1.9, 2.8, 0.5) True
0.45 4 (1.9, 2.2, 0.2) True
0.5000001 4 (1.7, 2.2, 0.0) True
0.45 4 (1.5, 2.2, -0.2) True
0.5000001 4 (1.2, 2.2, -0.2) False
0.5000001 3 (0.9, 2.2, -0.1) True
0.45 2 (0.8, 2.2, 0.2) False
0.6000001 1 (0.8, 2.2, 0.5) False
0.6000001 2 (0.9, 2.2, 0.7) False
0.5000001 3 (1.1, 2.2, 0.9) False
0.5500001 4 (1.4, 2.2, 0.9) True
0.5000001 4 (1.7, 2.2, 0.8) True
0.5000001 4 (1.8, 2.2, 0.5) True
0.45 3 (1.6, 3.1, 0.3) True
0.5000001 3 (1.6, 3.1, 0.1) True
0.5000001 3 (1.4, 3.1, 0.0) True
0.5500001 2 (1.3, 3.1, 0.0) False
0.5500001 3 (1.1, 3.1, 0.1) False
0.5500001 2 (1.0, 3.1, 0.3) False
0.6000001 3 (1.0, 3.1, 0.4) False
0.5500001 2 (1.1, 3.1, 0.6) False
0.5500001 3 (1.2, 3.1, 0.7) False
0.6000001 3 (1.4, 3.1, 0.7) False
0.5000001 3 (1.6, 3.1, 0.6) False
0.5000001 3 (1.6, 3.1, 0.5) True
0.5000001 4 (1.6, 2.0, 0.3) True
0.5500001 3 (1.5, 2.0, 0.1) True
0.5000001 3 (1.4, 2.0, 0.0) False
0.5500001 3 (1.2, 2.0, 0.0) False
0.45 3 (1.1, 2.0, 0.1) False
0.5000001 2 (1.0, 2.0, 0.3) False
0.5500001 2 (1.0, 2.0, 0.4) False
0.5500001 1 (1.1, 2.0, 0.6) False
0.5500001 3 (1.2, 2.0, 0.7) False
0.5000001 3 (1.4, 2.0, 0.7) False
0.5000001 3 (1.5, 2.0, 0.6) False
0.5000001 3 (1.6, 2.0, 0.4) False
