0.35 4 (1.9, 2.5, -0.1) True
0.25 4 (1.6, 2.5, -0.4) True
0.3 3 (1.3, 2.5, -0.4) False
0.3 3 (1.0, 2.5, -0.3) False
0.3 3 (0.8, 2.5, 0.0) False
0.45 2 (0.7, 2.5, 0.3) False
0.4 1 (0.9, 2.5, 0.6) False
0.3 3 (1.1, 2.5, 0.8) False
0.35 2 (1.4, 2.5, 0.9) False
0.35 3 (1.8, 2.5, 0.8) False
0.35 3 (2.0, 2.5, 0.5) False
0.3 3 (2.0, 2.5, 0.2) True
0.25 4 (1.8, 2.9, -0.1) True
0.25 4 (1.6, 2.9, -0.3) True
0.25 3 (1.3, 2.8, -0.3) False
0.3 2 (1.0, 2.8, -0.2) False
0.3 3 (0.8, 2.8, 0.0) False
0.3 2 (0.8, 2.8, 0.3) False
0.4 1 (0.9, 2.8, 0.6) False
0.35 2 (1.1, 2.8, 0.8) False
0.35 2 (1.4, 2.8, 0.8) False
0.35 2 (1.7, 2.8, 0.7) True
0.35 2 (1.9, 2.9, 0.5) False
0.3 4 (1.9, 2.9, 0.2) True
0.25 5 (1.8, 2.2, -0.1) True
0.25 3 (1.6, 2.2, -0.3) True
0.25 3 (1.3, 2.2, -0.3) False
0.3 4 (1.1, 2.2, -0.2) False
0.3 3 (0.9, 2.2, 0.0) False
0.3 4 (0.8, 2.2, 0.3) False
0.35 3 (0.9, 2.2, 0.6) False
0.35 3 (1.2, 2.2, 0.7) False
0.35 4 (1.5, 2.2, 0.8) False
0.35 4 (1.7, 2.2, 0.7) False
0.3 3 (1.9, 2.2, 0.5) False
0.25 4 (2.0, 2.2, 0.2) False
0.3 3 (1.6, 3.1, 0.1) True
0.25 3 (1.5, 3.1, 0.0) True
0.3 3 (1.3, 3.1, -0.1) True
0.3 2 (1.2, 3.1, 0.0) False
0.3 2 (1.1, 3.1, 0.1) False
0.3 3 (1.0, 3.1, 0.3) False
0.35 2 (1.1, 3.1, 0.4) False
0.45 1 (1.2, 3.1, 0.6) False
0.35 2 (1.4, 3.1, 0.6) False
0.25 2 (1.5, 3.1, 0.5) False
0.35 2 (1.6, 3.1, 0.4) False
0.35 3 (1.7, 3.1, 0.2) False
0.3 4 (1.7, 2.0, 0.0) True
0.35 2 (1.5, 2.0, -0.1) False
0.3 3 (1.4, 2.0, -0.1) False
0.3 4 (1.2, 1.9, 0.0) False
0.3 4 (1.1, 1.9, 0.1) False
0.3 4 (1.1, 1.9, 0.3) False
0.35 2 (1.1, 1.9, 0.4) False
0.35 3 (1.3, 1.9, 0.5) False
0.35 4 (1.4, 1.9, 0.5) False
0.35 4 (1.6, 2.0, 0.5) False
0.35 3 (1.7, 2.0, 0.4) False
0.4 3 (1.7, 2.0, 0.2) False
