0.2 5 (1.6, 2.6, 0.0) False
0.2 5 (1.3, 2.6, -0.1) True
0.25 5 (1.0, 2.6, -0.1) True
0.35 4 (0.7, 2.6, 0.1) False
0.4 3 (0.6, 2.5, 0.5) True
0.4 3 (0.7, 2.5, 0.8) True
0.5000001 1 (0.9, 2.5, 1.0) False
0.5000001 2 (1.3, 2.5, 1.1) False
0.4 3 (1.6, 2.5, 1.1) False
0.3 4 (1.8, 2.5, 0.8) False
0.35 4 (1.9, 2.5, 0.5) True
0.2 5 (1.9, 2.6, 0.2) True
0.2 5 (1.6, 2.9, 0.1) True
0.2 5 (1.3, 2.9, 0.0) True
0.3 4 (1.0, 2.9, 0.0) True
0.4 4 (0.8, 2.9, 0.2) False
0.3 2 (0.7, 2.9, 0.5) False
0.45 2 (0.8, 2.8, 0.8) True
0.6000001 1 (1.0, 2.8, 1.0) False
0.4 2 (1.3, 2.8, 1.1) True
0.35 2 (1.5, 2.8, 1.0) False
0.3 3 (1.8, 2.8, 0.8) False
0.25 4 (1.9, 2.9, 0.6) False
0.2 5 (1.8, 2.9, 0.3) True
0.2 5 (1.6, 2.3, 0.0) True
0.2 5 (1.3, 2.3, -0.1) True
0.35 5 (1.0, 2.3, 0.0) True
0.3 4 (0.8, 2.3, 0.2) True
0.35 3 (0.7, 2.2, 0.4) True
0.45 2 (0.8, 2.2, 0.7) True
0.5500001 1 (1.0, 2.2, 0.9) False
0.6000001 2 (1.3, 2.2, 1.0) False
0.35 3 (1.5, 2.2, 1.0) False
0.35 4 (1.8, 2.2, 0.8) True
0.2 5 (1.9, 2.2, 0.5) False
0.2 5 (1.8, 2.2, 0.2) True
0.2 4 (1.5, 3.1, 0.3) True
0.2 3 (1.3, 3.1, 0.2) True
0.4 2 (1.1, 3.1, 0.3) True
0.35 3 (1.0, 3.1, 0.4) False
0.4 2 (1.0, 3.1, 0.5) False
0.5500001 2 (1.0, 3.1, 0.7) False
0.45 2 (1.1, 3.1, 0.8) False
0.45 2 (1.3, 3.1, 0.9) False
0.45 3 (1.4, 3.1, 0.9) False
0.4 3 (1.6, 3.1, 0.7) False
0.3 3 (1.6, 3.1, 0.6) True
0.45 3 (1.6, 3.1, 0.4) True
0.2 5 (1.5, 2.0, 0.2) False
0.2 5 (1.3, 2.0, 0.1) True
0.3 5 (1.1, 2.0, 0.1) False
0.3 5 (1.0, 2.0, 0.3) False
0.35 5 (1.0, 2.0, 0.4) False
0.35 3 (1.0, 2.0, 0.6) False
0.4 3 (1.1, 1.9, 0.7) False
0.45 4 (1.3, 1.9, 0.8) False
0.45 4 (1.4, 1.9, 0.7) False
0.3 5 (1.6, 2.0, 0.6) True
0.2 5 (1.6, 2.0, 0.4) True
0.2 5 (1.6, 2.0, 0.3) False
