-0.008486189 0.1722111 0.3456322 
-0.331745 -0.01506047 0.200388 
-0.3732121 -0.3150979 0.07736146 
-0.2401168 -0.6789769 -0.000967592 
-0.001735736 -0.8020085 0.04091348 
0.2591076 -0.6499686 0.210796 
0.332988 -0.3368678 0.2731271 
0.2662919 -0.04806091 0.3568313 
0.06312661 0.2640684 -0.08753186 
-0.2632335 -0.07189011 -0.1440291 
-0.4211386 -0.2255296 -0.2017808 
-0.1512067 -0.4290062 -0.3631593 
-0.1590511 -0.9386684 -0.2192052 
0.3178058 -0.8858874 -0.1923094 
0.3546804 -0.1677943 -0.04240242 
0.3400412 0.05845859 -0.01063922 
-0.02196874 -0.02182434 0.4224464 
