0.3325668 0.1788284 0.1209469 
0.3911492 -0.09994489 0.1639374 
0.4549324 -0.5910481 0.1575598 
0.5415357 0.03471833 -0.05887747 
0.5108827 -0.1582851 -0.03657269 
-0.3109246 0.09490852 0.279873 
-0.2489336 -0.2123535 0.2903712 
-0.2493255 -0.6059839 0.1737846 
-0.4755169 -0.06651939 0.09023142 
-0.4928604 -0.2728687 0.05436748 
-0.1437434 0.2358167 0.2228179 
-0.07970837 -0.6871231 0.2024556 
0.1706814 0.2454848 0.2287093 
0.2548785 -0.576172 0.2034812 
0.121164 0.1171707 -0.126988 
-0.1520135 0.09242421 -0.09188691 
