0.1457126 -0.7111263 -0.2919638 
-0.2888243 -0.6227345 -0.2363651 
0.04939351 -0.330749 -0.1326575 
0.1110156 -0.190913 -0.1012497 
-0.2010936 -0.1832308 -0.05981432 
-0.02532917 0.1755437 0.01232367 
-0.1311722 -0.3011501 -0.08276016 
0.01277236 -0.1795229 -0.09248447 
-0.1349794 -0.189737 -0.1120595 
-0.03630809 -0.5293036 -0.1051598 
0.08519924 -0.5249101 -0.1393938 
-0.1830075 -0.5180464 -0.1489483 
0.02065118 0.01596141 -0.1945212 
0.06821702 -0.4573268 -0.3261291 
-0.2360107 -0.4220018 -0.2908269 
-0.04258768 -0.4411754 0.0546933 
0.1319416 -0.5137964 0.022083 
-0.263792 -0.5340145 0.0485298 
-0.05249175 -0.804877 -0.003289938 
0.1700076 -0.8460767 -0.08618256 
-0.3067544 -0.8370078 -0.1042841 
0.3988414 -0.1784983 -0.06987217 
0.6463729 -0.1269818 -0.1878964 
-0.5321152 -0.3368062 0.03495109 
-0.7522771 -0.2825693 0.1019259 
0.3836241 -0.2974589 0.08219573 
0.5450956 -0.244134 0.1970568 
-0.279732 -0.334189 0.1997557 
-0.5142969 -0.1700526 0.3564187 
0.2192581 0.1064599 -0.01134345 
-0.3399651 -0.01590049 0.003971696 
0.291523 0.1241185 0.1267801 
-0.3038469 0.1354982 0.08493593 
0.2822632 0.3359247 0.1906413 
