-0.05314428 0.3733006 0.1073483 
0.4352978 0.396514 0.06989694 
-0.5125685 0.4067591 0.1590834 
-0.01289143 -0.6162277 0.1930083 
0.4110015 -0.4345804 0.1096136 
-0.378084 -0.6218879 0.1471041 
0.60005 -0.02044775 0.1716686 
-0.5902635 -0.1166479 0.288389 
0.8272219 -0.06182692 -0.2706701 
-0.9632161 -0.1133855 -0.1068938 
0.1810397 -0.904299 0.1244426 
-0.2235954 -0.92121 0.07040381 
0.7917163 -0.6531112 -0.2751677 
-0.7278056 -0.7622207 -0.150703 
0.05114924 -0.04538716 -0.4298502 
-0.2785276 -0.04531325 -0.2651882 
0.2448959 -0.04775894 -0.2552576 
