-0.00792652 0.5672017 0.008039802 
-0.5415415 0.4097662 -0.04481238 
-0.7881762 -0.2075637 -0.07670897 
-0.6425086 -0.692737 -0.1583324 
-0.005624561 -0.9348077 -0.05562319 
0.6461743 -0.7134446 -0.2359269 
0.7613041 -0.1160594 -0.100366 
0.4725701 0.4397405 -0.08015001 
-0.00381928 0.178627 0.04985544 
-0.1789257 0.07960564 -0.05273829 
-0.3172038 -0.1712326 -0.09569618 
-0.2764899 -0.3488518 -0.1221767 
0.006987265 -0.4951866 -0.0510031 
0.3430219 -0.4016617 -0.1472696 
0.314936 -0.0722838 -0.1113114 
0.1655299 0.1067072 -0.08326237 
