-0.03075138 0.5217806 0.01258168 
-0.4950376 0.2748433 0.04197454 
-0.7657511 -0.2226628 -0.06876975 
-0.5193046 -0.812882 -0.2127251 
-0.000157848 -0.9540957 -0.1490437 
0.5536776 -0.7294616 -0.4081147 
0.6894619 -0.00245366 -0.2816165 
0.4283778 0.4483705 -0.2092962 
-0.0009623151 0.1796176 -0.09601276 
-0.2346244 0.09027053 -0.05250816 
-0.3016974 -0.1370596 -0.1187319 
-0.2537484 -0.445933 -0.1807778 
0.00471097 -0.6262886 -0.1533652 
0.2786724 -0.4516733 -0.2927941 
0.347776 -0.04581308 -0.2332957 
0.1444579 0.114212 -0.1830414 
-0.3363475 -0.6887949 -0.7279702 
-0.0314625 -0.7224014 -0.8107765 