1.2:
-0.02169412 -0.01693153 0.444524
-0.04133385 0.09039044 0.3534632
-0.01186574 0.006352663 0.4537306
-0.02991837 0.09202838 0.3507543
-0.01361674 0.006995201 0.4536479
-0.02716005 0.08938193 0.350738
-0.0129509 0.007355928 0.4537549
-0.03013617 0.0936203 0.3476696
-0.0149886 0.01657867 0.4549196
-0.02969366 0.09699845 0.3489881
True True True True True 
1:
-0.0224582 0.01252818 0.444423
-0.008095801 0.08467603 0.371604
-0.01971942 0.02178669 0.4564061
-0.005758345 0.08149791 0.3734276
-0.0197503 0.02351022 0.4569442
-0.008205771 0.08579636 0.3692124
-0.02131969 0.02625966 0.4562905
-0.01347589 0.08281898 0.3666029
-0.02223778 0.02178621 0.455373
-0.0141809 0.08355212 0.3641181
True True True True True 
0.8:
-0.02427101 0.0001323223 0.4537854
0.002114773 0.06456566 0.3825161
-0.01820707 0.01830244 0.4574988
-0.00708735 0.06213903 0.3786237
-0.01600546 0.01765132 0.4587612
-0.0101735 0.06202388 0.3777592
-0.01862931 0.01814651 0.4579513
-0.01229012 0.06086707 0.3776541
-0.01587659 0.02315021 0.4583242
-0.01454699 0.0590055 0.3766189
True True True True True 
0.6:
-0.02816331 0.005495429 0.4452202
0.0002954602 0.06026292 0.3825326
-0.02305996 0.01865292 0.446718
-0.001006007 0.05871463 0.3802466
-0.02228123 0.01589847 0.4486716
0.001258552 0.0591917 0.3802366
-0.01949108 0.01458454 0.4517431
0.0009845495 0.05685782 0.3796546
-0.01888889 0.01388741 0.4509063
-0.001201034 0.06216359 0.3746259
True True True True True 
0.4:
-0.02659082 0.01732802 0.4448597
0.006357789 0.04849696 0.4013796
-0.02337784 0.01466537 0.4487967
0.001030564 0.0450213 0.398571
-0.02396029 0.01538777 0.4483075
0.0002123117 0.04839039 0.3958111
-0.01930791 0.01507568 0.4530723
0.001860023 0.05334711 0.3934643
-0.02277446 0.01417303 0.4511988
0.001923084 0.05187678 0.3949964
True True True True True 
0.2:
-0.02333659 0.01559162 0.4492137
0.01014388 0.04354572 0.4249871
-0.02454048 0.01574326 0.4498651
0.005748034 0.04324102 0.4219472
-0.02361202 0.01790404 0.4501081
0.002524257 0.04602814 0.4175212
-0.02093607 0.01790714 0.4531147
0.005984485 0.0456953 0.4203982
-0.02316666 0.01438093 0.4520235
0.006104589 0.04443288 0.4187086
True True True True True 
