1.2:
0.001737475 -0.02059531 0.4749894
0.03056026 0.03842402 0.2924528
-0.007805765 0.002589226 0.4720592
0.02202815 0.02745748 0.2908084
-0.001779377 0.007193804 0.4740744
0.01776397 0.02163672 0.2895439
0.002170503 0.0117681 0.4738896
0.01932412 0.01881742 0.290153
-0.006090403 0.03565359 0.4668279
0.0009424686 0.02772474 0.2964783

1:
0.01236516 -0.00600481 0.4807959
0.002382398 0.009198427 0.2973495
0.004552662 0.0008394718 0.4730816
0.007267535 0.005526781 0.3038502
0.001707911 0.002239227 0.4705613
0.006974876 0.003980637 0.3039131
0.001754642 0.004587889 0.4705582
0.004219651 0.002181292 0.3015084
-0.0008003116 0.005023956 0.4695213
0.0004492402 0.00278163 0.2993608

0.8:
0.003666461 0.002351284 0.4714606
0.002736151 0.001414537 0.3014638
0.0006420612 0.00428009 0.4696834
0.002364874 0.001610994 0.3004344
0.001550853 0.003582716 0.469456
0.0002251863 -0.00152421 0.2995875
0.003146648 0.001966953 0.4705255
0.001984894 -0.001217842 0.3016977
0.003560722 0.00300622 0.4705896
9.608269E-05 0.001849413 0.2990983

0.6:
0.003382206 0.002488613 0.4693124
0.001927316 -0.006817818 0.331233
0.003221035 0.00276947 0.4712036
0.0008544922 -0.00828433 0.3284476
0.003101528 -0.005859613 0.4697201
-0.005342007 -0.01707935 0.3417926
0.002659798 0.001018763 0.4714115
-0.004446864 -0.01624775 0.3425565
0.00309217 -0.004579306 0.4719775
-0.002093852 -0.02045321 0.3433657

0.4:
0.001486778 0.00859952 0.4666581
-0.0009922385 0.00279665 0.3976598
0.00128454 0.004556894 0.4682224
0.002603233 -0.0005295277 0.3981028
-0.0007962584 0.001476288 0.46842
0.002254605 -0.001981258 0.3978977
-0.0009700656 0.006253004 0.4672115
0.001552284 -0.002061129 0.3972402
0.001906812 0.008024454 0.4667304
-0.003956795 -0.003630877 0.3916445

0.2:
0.003260076 0.002225399 0.4687092
0.005272031 0.01468587 0.4037635
0.001874804 0.005305767 0.4685533
0.005291581 0.01236367 0.4057028
-0.005175829 0.009354353 0.4628356
0.003748178 0.01315069 0.4019983
0.0003680587 0.003953695 0.467536
0.00190413 0.0137639 0.4007733
0.001447678 0.003384352 0.4691374
0.001508951 0.01290751 0.3989429

