0.4466099 -0.604434 -0.1685818 
0.5496857 -0.3618528 -0.1614441 
0.51028 0.1034974 -0.0474363 
-0.405257 -0.5828755 -0.04534471 
-0.5381766 -0.3847352 -0.003121495 
-0.5829351 -0.05283535 0.009955108 
0.21395 -0.5265296 0.006803378 
0.001735203 -0.4916281 0.08964941 
-0.1980292 -0.4795966 0.08688687 
0.1774556 -0.2837276 0.2019094 
-0.02103215 -0.3057099 0.1935858 
-0.2051547 -0.2401274 0.1834454 
0.1321685 0.07146429 -0.02484506 
0.1238727 0.2265182 0.0123065 
-0.155655 0.003710637 0.05244218 
-0.1789744 0.2054333 0.09896377 
