0.524302 -0.4491875 -0.0254997 
0.5067232 -0.1360598 -0.05541366 
0.4844456 0.1574403 0.003991365 
0.4549855 0.4018039 0.02944946 
-0.3831805 -0.562378 -0.08781862 
-0.5172787 -0.2706849 -0.03628147 
-0.4111263 0.114436 0.002258241 
-0.3894944 0.4192721 0.02431971 
0.1835198 -0.5800352 0.01581261 
0.01938967 -0.5365427 0.04989127 
-0.1401406 -0.5199682 0.01811609 
0.1934725 -0.3603191 0.1386591 
0.003193967 -0.3289683 0.1728987 
-0.1910388 -0.2731092 0.1150733 
0.1557271 -0.01419285 -0.05638607 
0.1679398 0.1630066 0.04734406 
0.1618573 0.3823119 0.1515164 
-0.1474628 -0.01290983 -0.02557741 
-0.1360237 0.1956929 0.0715218 
-0.06641299 0.399929 0.1520233 
