0.4456662 -0.5780997 -0.2745315 
0.6059538 -0.3563279 -0.3288212 
0.6790048 -0.1396665 -0.3127945 
0.5814529 0.3103913 -0.1507832 
-0.4865125 -0.5435824 -0.2595203 
-0.5892099 -0.4266438 -0.2010625 
-0.6983922 -0.1225169 -0.1366569 
-0.6600742 0.1932354 -0.03280067 
0.1867425 -0.5220868 -0.06252089 
0.003853593 -0.5023522 0.01637533 
-0.2179686 -0.5034274 -0.05168763 
0.2485676 -0.3599743 0.0769687 
0.007074662 -0.3241619 0.1164945 
-0.2526966 -0.2814853 0.07349735 
0.1181071 0.03333866 -0.1571279 
0.1445136 0.2358055 0.007823572 
0.07671828 0.4846543 0.03861968 
-0.1462967 -0.03388314 -0.09567693 
-0.1387859 0.2491427 -0.04199523 
-0.1654712 0.4779538 0.01974833 
-0.01537925 0.2153923 -0.1258793 
0.2748818 -0.5445476 -0.4744501 
-0.2694946 -0.528106 -0.3895694 
0.02949886 -0.504419 -0.3978287 
0.03628994 -0.08027432 -0.3370634 
-0.1156579 -0.06708422 -0.3723968 
0.1578482 -0.7215063 -0.5173601 
-0.2848596 -0.7142401 -0.4915833 
-0.01701226 0.0853439 -0.2379634 
