0.2 5 (2.0, 3.0, 0.1) True
0.5500001 5 (1.9, 2.9, -0.3) True
0.5500001 5 (1.5, 2.9, -0.4) False
0.6500001 5 (1.1, 2.9, -0.4) False
0.7000001 3 (0.8, 2.9, -0.3) False
0.7000001 1 (0.6, 2.9, 0.1) False
0.7000001 1 (0.6, 2.9, 0.5) False
0.7000001 2 (0.8, 2.9, 0.8) False
0.7000001 5 (1.1, 2.9, 1.0) False
0.6000001 5 (1.5, 2.9, 1.0) False
0.5500001 5 (1.9, 2.9, 0.8) False
0.45 5 (2.1, 3.0, 0.5) True
0.45 5 (1.9, 3.3, 0.1) True
0.45 5 (1.8, 3.3, -0.2) True
0.7000001 5 (1.5, 3.3, -0.3) False
0.7000001 5 (1.1, 3.3, -0.3) False
0.8000001 3 (0.8, 3.3, -0.2) False
0.7000001 2 (0.7, 3.3, 0.1) False
0.7000001 1 (0.7, 3.3, 0.4) False
0.8000001 2 (0.8, 3.3, 0.7) False
0.6500001 5 (1.1, 3.3, 0.9) False
0.8000001 4 (1.5, 3.3, 0.9) False
0.8000001 5 (1.8, 3.3, 0.7) False
0.6000001 5 (1.9, 3.3, 0.4) True
0.5500001 5 (2.0, 2.6, 0.1) True
0.6000001 5 (1.8, 2.6, -0.2) True
0.6000001 5 (1.5, 2.6, -0.4) False
0.7000001 5 (1.2, 2.5, -0.4) False
0.7000001 3 (0.9, 2.5, -0.2) False
0.9500002 2 (0.7, 2.5, 0.1) False
0.8000001 2 (0.7, 2.5, 0.4) False
0.7000001 3 (0.9, 2.5, 0.7) False
0.8000001 4 (1.2, 2.5, 0.9) False
0.7000001 5 (1.5, 2.5, 0.9) False
0.6000001 5 (1.8, 2.6, 0.7) False
0.5500001 5 (2.0, 2.6, 0.4) False
0.7000001 4 (1.7, 3.6, 0.2) True
0.7500001 4 (1.6, 3.6, 0.0) False
0.6000001 4 (1.4, 3.6, -0.1) False
0.8000001 4 (1.2, 3.6, -0.1) False
0.8000001 3 (1.0, 3.5, 0.0) False
0.9000002 3 (0.9, 3.5, 0.2) False
0.7000001 1 (0.9, 3.5, 0.4) False
0.9500002 3 (1.0, 3.5, 0.5) False
0.8000001 4 (1.2, 3.6, 0.6) False
0.8000001 4 (1.4, 3.6, 0.6) False
0.7500001 3 (1.6, 3.6, 0.5) False
0.7000001 4 (1.7, 3.6, 0.4) True
0.6500001 5 (1.7, 2.3, 0.2) False
0.6000001 5 (1.6, 2.3, 0.0) False
0.45 5 (1.5, 2.3, -0.1) False
0.6000001 5 (1.3, 2.3, -0.1) False
0.7000001 3 (1.1, 2.3, 0.0) False
0.8000001 2 (1.0, 2.2, 0.2) False
0.7000001 2 (1.0, 2.2, 0.4) False
0.7000001 4 (1.1, 2.2, 0.5) False
0.7000001 3 (1.3, 2.3, 0.6) False
0.7000001 4 (1.5, 2.3, 0.6) False
0.7000001 4 (1.6, 2.3, 0.5) False
0.7000001 5 (1.7, 2.3, 0.4) True
