0.2 4 (1.6, 2.9, 0.0) True
0.2 5 (1.5, 2.9, -0.4) True
0.25 4 (1.2, 2.9, -0.5) False
0.25 3 (0.9, 2.9, -0.6) False
0.3 2 (0.6, 2.9, -0.4) False
0.35 2 (0.4, 2.8, -0.2) False
0.4 1 (0.4, 2.8, 0.2) False
0.35 2 (0.5, 2.9, 0.5) False
0.35 2 (0.8, 2.9, 0.7) False
0.3 3 (1.1, 2.9, 0.7) False
0.25 2 (1.4, 2.9, 0.6) False
0.2 5 (1.6, 2.9, 0.3) True
0.2 5 (1.5, 3.3, 0.0) True
0.2 5 (1.4, 3.3, -0.3) True
0.3 3 (1.2, 3.2, -0.5) False
0.25 4 (0.9, 3.2, -0.5) False
0.3 2 (0.6, 3.2, -0.4) False
0.35 2 (0.5, 3.2, -0.1) False
0.35 1 (0.4, 3.2, 0.1) False
0.35 2 (0.5, 3.2, 0.4) False
0.3 2 (0.8, 3.2, 0.6) False
0.25 4 (1.1, 3.2, 0.6) False
0.3 4 (1.3, 3.2, 0.5) False
0.2 5 (1.5, 3.3, 0.3) True
0.2 4 (1.6, 2.6, 0.0) False
0.3 3 (1.5, 2.6, -0.3) False
0.3 4 (1.2, 2.6, -0.5) False
0.3 4 (0.9, 2.6, -0.5) False
0.35 2 (0.7, 2.5, -0.4) False
0.3 2 (0.5, 2.5, -0.1) False
0.4 2 (0.5, 2.5, 0.1) False
0.35 2 (0.6, 2.5, 0.4) False
0.35 3 (0.8, 2.6, 0.6) False
0.3 3 (1.1, 2.6, 0.6) False
0.25 3 (1.4, 2.6, 0.5) False
0.25 3 (1.6, 2.6, 0.3) False
0.3 3 (1.3, 3.5, 0.0) False
0.25 3 (1.2, 3.5, -0.1) False
0.25 4 (1.1, 3.5, -0.2) False
0.25 3 (0.9, 3.4, -0.3) False
0.3 3 (0.8, 3.4, -0.2) False
0.35 2 (0.7, 3.4, -0.1) False
0.35 1 (0.6, 3.4, 0.1) False
0.3 2 (0.7, 3.4, 0.3) False
0.3 2 (0.8, 3.4, 0.4) False
0.3 3 (1.0, 3.5, 0.4) False
0.25 4 (1.2, 3.5, 0.3) False
0.25 3 (1.3, 3.5, 0.2) False
0.3 3 (1.4, 2.4, 0.0) False
0.25 3 (1.3, 2.4, -0.1) False
0.25 4 (1.2, 2.3, -0.2) False
0.3 2 (1.0, 2.3, -0.3) False
0.3 2 (0.8, 2.3, -0.2) False
0.3 3 (0.8, 2.3, -0.1) False
0.4 2 (0.7, 2.3, 0.1) False
0.4 1 (0.8, 2.3, 0.3) False
0.35 1 (0.9, 2.3, 0.4) False
0.3 3 (1.1, 2.3, 0.4) False
0.3 2 (1.3, 2.4, 0.3) False
0.3 3 (1.4, 2.4, 0.2) False
