0.25 4 (1.8, 2.8, -0.1) True
0.4 4 (1.6, 2.9, -0.3) True
0.5000001 4 (1.2, 2.9, -0.3) False
0.45 3 (0.9, 2.9, -0.1) True
0.5000001 3 (0.7, 2.9, 0.1) False
0.5000001 3 (0.7, 3.0, 0.5) False
0.6000001 1 (0.8, 3.0, 0.8) False
0.5500001 2 (1.1, 3.0, 1.0) False
0.5000001 3 (1.5, 2.9, 1.0) False
0.5000001 4 (1.8, 2.9, 0.8) False
0.5000001 4 (1.9, 2.9, 0.6) False
0.45 3 (2.0, 2.9, 0.2) True
0.35 4 (1.8, 3.2, 0.0) True
0.45 4 (1.5, 3.2, -0.2) True
0.5000001 3 (1.3, 3.2, -0.2) True
0.45 3 (1.0, 3.2, -0.1) False
0.45 3 (0.8, 3.3, 0.1) False
0.5000001 3 (0.8, 3.3, 0.4) False
0.5500001 1 (0.9, 3.3, 0.7) False
0.5000001 2 (1.2, 3.3, 0.9) False
0.5500001 2 (1.5, 3.3, 0.9) False
0.5500001 3 (1.7, 3.2, 0.8) False
0.5000001 3 (1.9, 3.2, 0.5) True
0.5000001 4 (1.9, 3.2, 0.2) True
0.45 4 (1.7, 2.5, 0.0) True
0.4 3 (1.5, 2.5, -0.2) True
0.45 3 (1.2, 2.6, -0.2) True
0.5500001 4 (1.0, 2.6, -0.1) False
0.45 2 (0.8, 2.6, 0.2) False
0.5500001 3 (0.8, 2.6, 0.5) False
0.5500001 1 (0.9, 2.6, 0.7) False
0.5500001 2 (1.1, 2.6, 0.9) False
0.5500001 3 (1.4, 2.6, 0.9) False
0.5000001 3 (1.7, 2.6, 0.8) False
0.5000001 4 (1.8, 2.6, 0.6) False
0.45 3 (1.9, 2.5, 0.3) True
0.45 3 (1.6, 3.4, 0.1) True
0.5000001 3 (1.5, 3.4, 0.0) False
0.5000001 3 (1.3, 3.5, 0.0) True
0.45 2 (1.2, 3.5, 0.1) True
0.5500001 2 (1.1, 3.5, 0.2) False
0.5000001 2 (1.1, 3.5, 0.4) False
0.6500001 1 (1.1, 3.5, 0.5) False
0.5500001 2 (1.3, 3.5, 0.6) False
0.5000001 2 (1.4, 3.5, 0.6) False
0.5500001 2 (1.6, 3.5, 0.6) True
0.5500001 3 (1.7, 3.5, 0.4) True
0.5500001 3 (1.7, 3.4, 0.3) False
0.5500001 3 (1.5, 2.3, 0.2) True
0.5500001 3 (1.4, 2.3, 0.1) False
0.5000001 3 (1.2, 2.3, 0.1) False
0.5000001 2 (1.1, 2.3, 0.1) True
0.45 2 (1.0, 2.4, 0.3) True
0.5000001 2 (1.0, 2.4, 0.4) True
0.5000001 2 (1.1, 2.4, 0.6) False
0.5000001 2 (1.2, 2.4, 0.7) False
0.5500001 2 (1.4, 2.4, 0.7) False
0.5000001 3 (1.5, 2.3, 0.6) False
0.5000001 3 (1.6, 2.3, 0.5) True
0.5500001 3 (1.6, 2.3, 0.3) False
