0.25 4 (1.8, 3.1, 0.0) True
0.25 5 (1.6, 3.2, -0.2) True
0.4 4 (1.3, 3.2, -0.4) False
0.4 4 (0.9, 3.1, -0.4) True
0.5000001 3 (0.6, 3.1, -0.2) False
0.5000001 2 (0.5, 3.1, 0.1) True
0.6000001 2 (0.5, 3.1, 0.5) False
0.5000001 3 (0.7, 3.1, 0.7) False
0.4 3 (1.0, 3.1, 0.9) False
0.4 4 (1.4, 3.1, 0.9) False
0.45 4 (1.6, 3.1, 0.7) False
0.3 5 (1.8, 3.1, 0.4) True
0.25 4 (1.7, 3.5, 0.1) True
0.35 4 (1.5, 3.5, -0.2) True
0.35 4 (1.2, 3.5, -0.3) True
0.35 3 (0.9, 3.5, -0.3) False
0.4 3 (0.7, 3.4, -0.1) False
0.5000001 2 (0.6, 3.4, 0.2) False
0.6000001 1 (0.6, 3.4, 0.4) False
0.45 2 (0.8, 3.4, 0.7) False
0.45 3 (1.0, 3.4, 0.8) False
0.4 4 (1.3, 3.4, 0.8) False
0.45 4 (1.6, 3.4, 0.6) False
0.35 4 (1.7, 3.5, 0.4) True
0.3 4 (1.7, 2.8, 0.0) True
0.35 4 (1.5, 2.8, -0.2) True
0.35 4 (1.3, 2.8, -0.3) True
0.4 4 (1.0, 2.8, -0.3) False
0.35 3 (0.7, 2.8, -0.1) False
0.5000001 3 (0.6, 2.8, 0.1) False
0.5500001 2 (0.6, 2.8, 0.4) False
0.45 3 (0.8, 2.8, 0.7) False
0.5000001 3 (1.0, 2.8, 0.8) False
0.45 4 (1.3, 2.8, 0.8) False
0.45 4 (1.6, 2.8, 0.6) False
0.35 4 (1.7, 2.8, 0.3) False
0.4 3 (1.4, 3.7, 0.2) True
0.45 3 (1.3, 3.7, 0.0) True
0.45 3 (1.2, 3.7, 0.0) False
0.45 3 (1.0, 3.7, 0.0) False
0.5000001 2 (0.9, 3.7, 0.1) False
0.45 2 (0.8, 3.7, 0.2) False
0.5500001 1 (0.8, 3.7, 0.4) False
0.5000001 2 (0.9, 3.7, 0.5) False
0.45 2 (1.1, 3.7, 0.6) False
0.45 3 (1.2, 3.7, 0.6) False
0.45 3 (1.4, 3.7, 0.5) False
0.45 3 (1.4, 3.7, 0.3) True
0.35 5 (1.5, 2.6, 0.1) False
0.4 5 (1.4, 2.6, 0.0) True
0.4 4 (1.2, 2.6, -0.1) True
0.4 4 (1.0, 2.6, -0.1) False
0.45 4 (0.9, 2.6, 0.0) False
0.4 3 (0.8, 2.5, 0.2) False
0.5500001 3 (0.8, 2.5, 0.3) False
0.45 3 (0.9, 2.5, 0.5) False
0.4 3 (1.1, 2.5, 0.5) False
0.4 4 (1.3, 2.5, 0.5) False
0.4 5 (1.4, 2.6, 0.4) False
0.4 4 (1.5, 2.6, 0.3) False
