0.2 0.4 0.5000001 0.45 0.6000001 0.6000001 0.7000001 0.6000001 0.5000001 0.45 0.45 0.45 0.2 0.2 0.5000001 0.5500001 0.5500001 0.5500001 0.8500001 0.5500001 0.5500001 0.5000001 0.5000001 0.35 0.45 0.45 0.45 0.5000001 0.5500001 0.5500001 1 0.6000001 0.5500001 0.5000001 0.45 0.45 0.5500001 0.5500001 0.5000001 0.45 0.5000001 0.5500001 0.5000001 0.6000001 0.6000001 0.5500001 0.5500001 0.5500001 0.45 0.45 0.5000001 0.45 0.5000001 0.5500001 0.7500001 0.6000001 0.5500001 0.45 0.45 0.45 
0.2 0.5500001 0.5500001 0.6500001 0.7000001 0.7000001 0.7000001 0.7000001 0.7000001 0.6000001 0.5500001 0.45 0.45 0.45 0.7000001 0.7000001 0.8000001 0.7000001 0.7000001 0.8000001 0.6500001 0.8000001 0.8000001 0.6000001 0.5500001 0.6000001 0.6000001 0.7000001 0.7000001 0.9500002 0.8000001 0.7000001 0.8000001 0.7000001 0.6000001 0.5500001 0.7000001 0.7500001 0.6000001 0.8000001 0.8000001 0.9000002 0.7000001 0.9500002 0.8000001 0.8000001 0.7500001 0.7000001 0.6500001 0.6000001 0.45 0.6000001 0.7000001 0.8000001 0.7000001 0.7000001 0.7000001 0.7000001 0.7000001 0.7000001 
0.5000001 0.5500001 0.5000001 0.5000001 0.5000001 0.5000001 0.6000001 0.5000001 0.45 0.4 0.45 0.35 0.35 0.35 0.4 0.4 0.45 0.4 0.45 0.5500001 0.5000001 0.45 0.45 0.45 0.4 0.4 0.4 0.45 0.5000001 0.5000001 0.5500001 0.5000001 0.45 0.45 0.5000001 0.4 0.4 0.4 0.4 0.4 0.45 0.5000001 0.5 0.45 0.45 0.45 0.4 0.4 0.4 0.4 0.4 0.45 0.4 0.45 0.45 0.45 0.4 0.4 0.35 0.35 
0.2 0.2 0.25 0.25 0.3 0.35 0.4 0.35 0.35 0.3 0.25 0.2 0.2 0.2 0.3 0.25 0.3 0.35 0.35 0.35 0.3 0.25 0.3 0.2 0.2 0.3 0.3 0.3 0.35 0.3 0.4 0.35 0.35 0.3 0.25 0.25 0.3 0.25 0.25 0.25 0.3 0.35 0.35 0.3 0.3 0.3 0.25 0.25 0.3 0.25 0.25 0.3 0.3 0.3 0.4 0.4 0.35 0.3 0.3 0.3 
0.25 0.4 0.5000001 0.45 0.5000001 0.5000001 0.6000001 0.5500001 0.5000001 0.5000001 0.5000001 0.45 0.35 0.45 0.5000001 0.45 0.45 0.5000001 0.5500001 0.5000001 0.5500001 0.5500001 0.5000001 0.5000001 0.45 0.4 0.45 0.5500001 0.45 0.5500001 0.5500001 0.5500001 0.5500001 0.5000001 0.5000001 0.45 0.45 0.5000001 0.5000001 0.45 0.5500001 0.5000001 0.6500001 0.5500001 0.5000001 0.5500001 0.5500001 0.5500001 0.5500001 0.5500001 0.5000001 0.5000001 0.45 0.5000001 0.5000001 0.5000001 0.5500001 0.5000001 0.5000001 0.5500001 
0.25 0.15 0.25 0.25 0.25 0.35 0.35 0.3 0.35 0.3 0.3 0.15 0.15 0.2 0.25 0.3 0.45 0.5000001 0.5000001 0.4 0.35 0.3 0.25 0.15 0.25 0.2 0.3 0.25 0.35 0.3 0.5000001 0.3 0.3 0.25 0.3 0.2 0.25 0.25 0.3 0.25 0.25 0.35 0.4 0.4 0.35 0.3 0.3 0.25 0.35 0.25 0.3 0.25 0.35 0.4 0.4 0.4 0.35 0.35 0.3 0.35 
0.25 0.3 0.3 0.35 0.35 0.35 0.35 0.4 0.35 0.35 0.3 0.3 0.25 0.25 0.3 0.3 0.3 0.35 0.35 0.4 0.35 0.3 0.3 0.3 0.25 0.25 0.35 0.3 0.35 0.35 0.45 0.35 0.4 0.35 0.3 0.3 0.3 0.3 0.3 0.3 0.35 0.4 0.4 0.4 0.35 0.35 0.35 0.35 0.3 0.35 0.35 0.35 0.35 0.35 0.4 0.4 0.35 0.4 0.4 0.35 
0.2 0.2 0.3 0.35 0.4 0.35 0.5500001 0.45 0.4 0.3 0.3 0.2 0.2 0.2 0.2 0.3 0.45 0.5000001 0.6000001 0.45 0.4 0.35 0.3 0.2 0.2 0.2 0.2 0.3 0.35 0.35 0.4 0.4 0.4 0.4 0.25 0.2 0.2 0.3 0.45 0.35 0.5000001 0.35 0.5000001 0.45 0.4 0.4 0.35 0.4 0.2 0.2 0.2 0.3 0.4 0.3 0.35 0.4 0.3 0.2 0.2 0.2 
0.2 0.2 0.4 0.45 0.5000001 0.5500001 0.6500001 0.6500001 0.5500001 0.5000001 0.45 0.2 0.2 0.2 0.45 0.5000001 0.6000001 0.6500001 0.6500001 0.6000001 0.5500001 0.5000001 0.5000001 0.2 0.4 0.55 0.4 0.45 0.5000001 0.6000001 0.7000001 0.50 0.6500001 0.5500001 0.4 0.4 0.4 0.45 0.5000001 0.5500001 0.6000001 0.6500001 0.7500001 0.7000001 0.6500001 0.6000001 0.6000001 0.5000001 0.4 0.45 0.5000001 0.6000001 0.6000001 0.5500001 0.7000001 0.7000001 0.6000001 0.5000001 0.45 0.4 
0.25 0.25 0.4 0.4 0.5000001 0.5000001 0.6000001 0.5000001 0.4 0.4 0.45 0.3 0.25 0.35 0.35 0.35 0.4 0.5000001 0.6000001 0.45 0.45 0.4 0.45 0.35 0.3 0.35 0.35 0.4 0.35 0.5000001 0.5500001 0.45 0.5000001 0.45 0.45 0.35 0.4 0.45 0.45 0.45 0.5000001 0.45 0.5500001 0.5000001 0.45 0.45 0.45 0.45 0.35 0.4 0.4 0.4 0.45 0.4 0.5500001 0.45 0.4 0.4 0.4 0.4 
0.3 0.3 0.35 0.35 0.4 0.35 0.4 0.35 0.35 0.35 0.35 0.3 0.3 0.35 0.35 0.35 0.4 0.35 0.45 0.35 0.4 0.35 0.35 0.35 0.3 0.3 0.3 0.3 0.35 0.4 0.35 0.35 0.35 0.35 0.3 0.3 0.35 0.35 0.3 0.35 0.35 0.35 0.35 0.35 0.4 0.35 0.35 0.35 0.35 0.35 0.35 0.35 0.35 0.4 0.45 0.4 0.3 0.35 0.3 0.35 
0.15 0.2 0.25 0.3 0.35 0.3 0.45 0.35 0.4 0.3 0.3 0.2 0.2 0.2 0.35 0.35 0.4 0.35 0.4 0.45 0.3 0.35 0.35 0.25 0.2 0.3 0.25 0.3 0.35 0.4 0.45 0.45 0.35 0.3 0.2 0.25 0.3 0.3 0.3 0.35 0.4 0.4 0.5500001 0.45 0.4 0.45 0.3 0.3 0.25 0.3 0.25 0.25 0.3 0.4 0.45 0.35 0.4 0.4 0.3 0.25 
