-0.1962657 0.06429613 -0.2795947 
0.4635706 0.2817174 0.1708311 
-0.6379575 0.3380513 0.1047156 
0.2548901 0.3932542 0.2456847 
0.01828942 -0.8674789 0.0254918 
0.0366944 0.427311 0.2759848 
0.6415384 0.09736724 0.003435552 
0.136689 0.05161893 -0.3463932 
-0.1950121 0.4434659 0.2619395 
-0.5899047 -0.3996083 0.1355968 
0.5682176 -0.2734448 0.0686444 
0.4714693 -0.5409963 0.007287905 
-0.4201742 -0.5913104 0.1158938 
-0.3996986 0.4207629 0.2220851 
0.6124982 -0.6059114 -0.4068839 
-0.6614969 -0.6646132 -0.2708999 
