Near Left Front:
-0.0289526 0.2047522 0.15674
-0.04834425 0.2004133 0.1600854
-0.04308629 0.1939468 0.1563368
-0.04365492 0.1982445 0.1503682
-0.04223406 0.1970484 0.1519501
-0.04179418 0.1969912 0.1493027
-0.04684651 0.1922958 0.1450243

Near Left:
-0.04733956 0.1957672 0.1465354
-0.05045414 0.197834 0.1506338
-0.05219364 0.2005774 0.1522031
-0.05454493 0.2028801 0.155494
-0.05580235 0.2026906 0.1567705
-0.05630815 0.2023613 0.1575742
-0.05486631 0.2008239 0.1492097

Near Left Back:
-0.05539382 0.2059382 0.1510081
-0.05591524 0.2092378 0.1504478
-0.06207824 0.2080762 0.1592784
-0.06425083 0.1998932 0.157433
-0.06556189 0.197769 0.1564312
-0.06254089 0.194265 0.1499262
-0.06408322 0.1981773 0.1564736

Near Right Front:
-0.06288087 0.1973748 0.1540875
-0.06431556 0.1980804 0.1548586
-0.06440914 0.1975882 0.1541719
-0.06670403 0.1949189 0.1550517
-0.06672275 0.1982064 0.1585243
-0.0676899 0.1975312 0.1587086
-0.0668571 0.1968088 0.1587632

Near Right:
-0.0633893 0.2015268 0.1579447
-0.06522596 0.2021996 0.1605482
-0.06427133 0.2023259 0.1610804
-0.0625298 0.2029332 0.1591885
-0.06179285 0.2033253 0.158617
-0.0628897 0.1999598 0.1554723
-0.06636429 0.1956482 0.1537132

Near Right Back:
-0.06927109 0.1991491 0.1634049
-0.06789899 0.2019596 0.1625433
-0.06600666 0.1999739 0.1603155
-0.06659603 0.1999459 0.1607139
-0.0653919 0.1964939 0.1589711
-0.06720364 0.1961632 0.1620724
-0.07648158 0.1834066 0.1589451

Half Arm Left Front:
-0.07751238 0.179637 0.1584713
-0.07680857 0.1968026 0.1465619
-0.0774225 0.2014523 0.1447332
-0.07918918 0.2042263 0.1492794
-0.08961916 0.205425 0.1519344
-0.09599078 0.2003443 0.1530092
-0.09645319 0.2074425 0.1628771

Half Arm Left:
-0.08855355 0.2094127 0.1659617
-0.08459628 0.2119262 0.1716027
-0.08537996 0.2160602 0.1717925
-0.08250165 0.2097833 0.1703894
-0.08408415 0.2136412 0.1691632
-0.08407855 0.2180618 0.1738508
-0.08497059 0.216787 0.1767383

Half Arm Left Back:
-0.08422291 0.2181621 0.1752698
-0.08125567 0.2219865 0.1761134
-0.08063984 0.2208058 0.1746068
-0.08143806 0.2206875 0.1760695
-0.07879996 0.2197847 0.1732779
-0.07996702 0.2185265 0.1732855
-0.07775259 0.2191839 0.1816475

Half Arm Right Front:
-0.07887995 0.2241769 0.1880608
-0.07848334 0.2247677 0.1807323
-0.0779978 0.2249353 0.1824563
-0.08008552 0.2245369 0.190613
-0.07931948 0.2219335 0.1846445
-0.08101213 0.2237425 0.1901398
-0.08060837 0.2217013 0.1902595

Half Arm Right:
-0.07927001 0.2213824 0.1862032
-0.0816381 0.2214303 0.1881306
-0.07975054 0.2228565 0.1887608
-0.0789423 0.2241685 0.1888609
-0.07721937 0.224112 0.1888306
-0.07532036 0.2235109 0.1841645
-0.07354426 0.2275295 0.1845908

Half Arm Right Back:
-0.07564235 0.2260215 0.1852031
-0.07486987 0.2271855 0.1855869
-0.0733906 0.225587 0.1844499
-0.07463849 0.2261732 0.1870613
-0.07650721 0.2277015 0.1901672
-0.076316 0.2233318 0.1857584
-0.07852876 0.2248437 0.1878111

Straight Arm Left Front:
-0.07528532 0.22751 0.1823592
-0.07575059 0.2278934 0.1857028
-0.07776845 0.2268747 0.1879992
-0.07677448 0.2272255 0.1867015
-0.07559276 0.2263954 0.1827195
-0.07714725 0.226633 0.1876698
-0.07785404 0.2261418 0.1862717

Straight Arm Left:
-0.07690239 0.2231877 0.1864612
-0.0732044 0.2306414 0.1900027
-0.07819235 0.2275999 0.191076
-0.07218158 0.2310165 0.1881785
-0.0770117 0.2255731 0.1899977
-0.07392681 0.2261916 0.1919212
-0.0735147 0.2294304 0.1933408

Straight Arm Left Back:
-0.07504892 0.2263436 0.1918278
-0.07496715 0.2269747 0.1913216
-0.07778096 0.2287477 0.1960127
-0.0757544 0.2298809 0.1952341
-0.07834756 0.2313337 0.1995106
-0.07671416 0.2277409 0.1953642
-0.07537591 0.2304614 0.1969864

Straight Arm Right Front:
-0.07624722 0.229513 0.197525
-0.07618189 0.2325927 0.1962857
-0.07572913 0.2331237 0.1982605
-0.07588375 0.2294574 0.1966944
-0.07568741 0.2283356 0.1965919
-0.07437146 0.2269024 0.189791
-0.07296431 0.2256827 0.185642

Straight Arm Right:
-0.06710362 0.230716 0.1777589
-0.07149529 0.2307861 0.1809735
-0.07366252 0.2281288 0.1844685
-0.07415581 0.230002 0.183249
-0.07474327 0.2284218 0.1846673
-0.07488668 0.2321644 0.1882524
-0.0776453 0.2329962 0.1952598

Straight Arm Right Back:
-0.07608116 0.2300699 0.1901882
-0.07499409 0.2315643 0.1908536
-0.08329773 0.2265379 0.1995378
-0.08537948 0.2255716 0.2047744
-0.08302844 0.2277458 0.2013905
-0.08701086 0.2285689 0.2094579
0 0 0

