Near Left Front:
0.1987015 0.2311888 0.1496348
0.2254782 0.2427233 0.1166744
0.2349768 0.2654016 0.1163061
0.2654918 0.2768849 0.128119
0.3079022 0.4153882 0.2205026
0.3837062 0.7832041 0.2256122
0.4350181 0.9990296 0.1829469

Near Left:
0.4629902 1.035859 0.09676814
0.5054765 1.044583 0.008012295
0.5163124 1.043909 -0.005262375
0.523726 1.048031 0.02082515
0.5269898 1.04981 0.04283834
0.5235757 1.051367 0.05219316
0.5238515 1.050867 0.04642081

Near Left Back:
0.5304728 1.050754 0.04506445
0.5301809 1.053023 0.05267715
0.5286551 1.053398 0.05624247
0.5321317 1.052093 0.05572081
0.5302602 1.05321 0.05581403
0.5365324 1.053385 0.05394554
0.5419856 1.053903 0.05396938

Near Right Front:
0.540893 1.053714 0.0544157
0.5455827 1.052938 0.05534935
0.5493529 1.052524 0.05693173
0.5503095 1.054476 0.0593586
0.5417223 1.055494 0.05951452
0.5498339 1.052214 0.05616069
0.5490957 1.051988 0.05566144

Near Right:
0.5515535 1.053129 0.05706739
0.5532782 1.051429 0.05023456
0.5565399 1.05069 0.04951334
0.551321 1.05189 0.05181909
0.5582949 1.050386 0.05131054
0.554692 1.050259 0.05522919
0.5535172 1.05229 0.05952215

Near Right Back:
0.56332 1.049769 0.06101227
0.5631503 1.051557 0.06530309
0.560567 1.052417 0.06817031
0.5556322 1.052294 0.06769538
0.5529803 1.051875 0.06694651
0.5540036 1.051901 0.06530881
0.5563716 1.049782 0.06352472

Half Arm Left Front:
0.5546505 1.051006 0.06585836
0.5515465 1.052533 0.06921744
0.5510275 1.052688 0.06963539
0.5557842 1.051521 0.06844592
0.556958 1.051208 0.0697031
0.5594718 1.049573 0.06965923
0.5591617 1.051309 0.07200336

Half Arm Left:
0.5602679 1.051803 0.07548523
0.5632205 1.050157 0.0749929
0.5639099 1.050071 0.07321048
0.5645511 1.051115 0.07617831
0.5638913 1.051424 0.07538414
0.5636905 1.052561 0.07660007
0.5610014 1.05204 0.07810736

Half Arm Left Back:
0.5627164 1.052365 0.0774641
0.5628899 1.050445 0.07454944
0.5684404 1.050941 0.07537889
0.5661179 1.050998 0.07791615
0.5624486 1.052391 0.07953882
0.5671885 1.051267 0.07940245
0.5651853 1.051826 0.07770228

Half Arm Right Front:
0.5671405 1.051433 0.07967114
0.5690817 1.052147 0.08132195
0.5729463 1.050866 0.07945228
0.5716537 1.050905 0.08187938
0.5733138 1.050819 0.08411574
0.5709493 1.051023 0.08106875
0.5758729 1.050432 0.07822347

Half Arm Right:
0.5748742 1.049511 0.07671523
0.5732061 1.049392 0.07625365
0.5726351 1.050641 0.07949924
0.5746069 1.049593 0.07666326
0.5711501 1.050243 0.07571912
0.5693314 1.050406 0.07819581
0.5731028 1.049304 0.07599187

Half Arm Right Back:
0.5766397 1.048229 0.07316828
0.5690325 1.048406 0.07194161
0.5636777 1.049154 0.07414579
0.5632299 1.049945 0.07661033
0.5627846 1.04841 0.07737374
0.5578805 1.049591 0.08398724
0.5264229 1.055872 0.06140661

Straight Arm Left Front:
0.5619582 1.043725 0.06542301
0.5534929 1.053382 0.09177923
0.5591062 1.04914 0.09158635
0.5615948 1.050531 0.09065771
0.5583299 1.059477 0.111326
0.5561622 1.058341 0.1131577
0.5741161 1.058328 0.1156158

Straight Arm Left:
0.5760835 1.058261 0.1030285
0.5624478 1.057766 0.1004641
0.5536779 1.059578 0.09727669
0.5531373 1.06039 0.09736562
0.5569795 1.061137 0.09185886
0.5597509 1.062638 0.09532332
0.5275834 1.065914 0.1008182

Straight Arm Left Back:
0.5168166 1.063143 0.08576989
0.5222143 1.065726 0.08534598
0.5200732 1.063162 0.08539987
0.5013707 1.062725 0.09518099
0.4768945 1.060975 0.09659147
0.4815782 1.061013 0.0903511
0.4827931 1.058323 0.08430147

Straight Arm Right Front:
0.4847049 1.058516 0.08346844
0.4864408 1.057152 0.08156943
0.4871486 1.058349 0.08133936
0.4844428 1.057696 0.07954407
0.4715264 1.059009 0.08276844
0.4638885 1.055897 0.07647586
0.4632863 1.056094 0.07383299

Straight Arm Right:
0.4610518 1.055328 0.06706119
0.4602697 1.055623 0.06792498
0.4609944 1.055252 0.07355118
0.4499886 1.048643 0.07444906
0.4677674 1.049159 0.08732057
0.4929993 1.050043 0.09664011
0.5095791 1.048881 0.1028469

Straight Arm Right Back:
0.5129448 1.050077 0.1151662
0.5119286 1.052744 0.1241729
0.5193868 1.048606 0.1209512
0.5192692 1.052039 0.1238272
0.5335904 1.051402 0.1157241
0.5291924 1.053473 0.09457541
0.5271004 1.049209 0.09957457

