Far Left Front:
0.5209485 0.2196888 0.06085616
0.5131636 0.2201274 0.05933177
0.5201681 0.2114336 0.0584777
0.5386314 0.1643021 0.04220366
0.5491702 0.1945491 0.04114771
0.5066943 0.3020028 0.03910643
0.5115921 0.3080815 0.032758

Far Left:
0.4893538 0.238874 0.06196392
0.5356594 0.2049525 0.04703826
0.5898007 0.1862962 0.001144409
0.6057551 0.2764915 -0.0928303
0.4631846 0.2913037 0.04606032
0.4788659 0.1814168 0.06232733
0.6417519 0.2584172 -0.1495744

Far Left Back:
0.4349056 0.2666248 0.07066277
0.4016474 0.1967818 0.07292998
0.5124329 0.1041334 -0.004928291
0.4205965 0.1714768 0.069657
0.3806946 0.3814359 -0.02061719
0.5077327 0.3735037 -0.0276463
0.4700389 0.2696367 0.06170052

Far Right Front:
0.4751644 0.2735287 0.05715352
0.473777 0.2780424 0.05422926
0.4720159 0.2811947 0.05350482
0.4683535 0.2811733 0.05436051
0.4658887 0.2837182 0.05356669
0.4644424 0.2844731 0.05339921
0.4627323 0.2839741 0.05359864

Far Right:
0.4607054 0.2838539 0.05433041
0.4651956 0.2853201 0.05178487
0.4619849 0.2840611 0.05339712
0.4662745 0.2826606 0.05258173
0.4704351 0.28202 0.0511924
0.469491 0.2815956 0.05266786
0.468123 0.2816167 0.05245167

Far Right Back:
0.4650678 0.2804574 0.05351812
0.4622317 0.2811651 0.05422598
0.4727498 0.2787994 0.05211526
0.4679185 0.2799767 0.05323029
0.465409 0.2819995 0.05237579
0.4699799 0.2833025 0.05093229
0.4637365 0.2818822 0.05282551

Middle Left Front:
0.4699561 0.2808527 0.05203217
0.4667027 0.2802194 0.05344641
0.4672328 0.2809123 0.05247569
0.4693025 0.2790057 0.05310357
0.465332 0.2795165 0.0537048
0.464548 0.2796186 0.05377364
0.4620048 0.2789304 0.05508077

Middle Left:
0.4628281 0.2793314 0.0556379
0.459885 0.2789902 0.05702728
0.4603624 0.2780785 0.05743915
0.4605383 0.2782089 0.05788052
0.4599811 0.2788449 0.0577994
0.4599501 0.2789497 0.05792862
0.4606805 0.279205 0.05716527

Middle Left Back:
0.4594486 0.2785316 0.05808318
0.4557933 0.2799162 0.05845118
0.454848 0.2802217 0.05870622
0.4553552 0.2807141 0.05819529
0.4524176 0.2802788 0.05877417
0.4527226 0.2812144 0.05818731
0.4528883 0.2814317 0.05801034

Middle Right Front:
0.4516372 0.2820308 0.05767214
0.4496442 0.2805474 0.05840552
0.4472434 0.2822702 0.05841583
0.4430174 0.2819096 0.05948395
0.4375451 0.2862681 0.05849648
0.4362213 0.2910413 0.05624747
0.4534279 0.3656875 -0.006559849

Middle Right:
0.455219 0.3578787 -0.002759039
0.4599918 0.3548123 -0.0003185868
0.4551646 0.3552333 0.002334476
0.4543861 0.3550745 0.003111303
0.4532879 0.3555434 0.003446996
0.4551661 0.3575248 0.0006278753
0.4517967 0.3573759 0.001817226

Middle Right Back:
0.4516649 0.3573182 0.001755476
0.4521909 0.3565654 0.00255549
0.4506116 0.3564675 0.002753735
0.4504862 0.3572452 0.001360059
0.4462673 0.3568463 0.003310025
0.444652 0.3564743 0.004545689
0.4424391 0.3577033 0.003500819

Near Left Front:
0.4442634 0.3579673 0.003537714
0.4459964 0.3570794 0.004399538
0.4477478 0.3568225 0.004557848
0.4463653 0.3562906 0.005117178
0.4468857 0.3568506 0.004989028
0.4453242 0.3573215 0.004297197
0.4489445 0.3556028 0.005187273

Near Left:
0.4480729 0.3540171 0.006715357
0.4470633 0.3558148 0.00524354
0.4476539 0.356277 0.005081296
0.4488686 0.3565137 0.005118787
0.4484038 0.3566527 0.004705429
0.451172 0.3557518 0.005309403
0.4488714 0.3558279 0.006105125

Near Left Back:
0.445431 0.3532062 0.0111019
0.4455463 0.3539484 0.01003855
0.4437684 0.3541293 0.009805679
0.44275 0.3544526 0.01007158
0.4433398 0.3546024 0.009906232
0.443563 0.3550071 0.009779394
0.4430583 0.355121 0.009909093

Near Right Front:
0.442331 0.3555053 0.009742975
0.4445228 0.3550177 0.01085961
0.4424529 0.3568059 0.009134471
0.440355 0.3561365 0.009672225
0.4387809 0.3555859 0.01055694
0.4392819 0.3557002 0.01015431
0.4373819 0.3553144 0.01123577

Near Right:
0.4363055 0.356264 0.0106982
0.4371362 0.355682 0.01121157
0.4376788 0.3557246 0.01171005
0.4383323 0.3557231 0.01063055
0.4382601 0.3554137 0.01089644
0.4369056 0.3557932 0.01099432
0.4383384 0.3547139 0.01181668

Near Right Back:
0.4386208 0.3541017 0.01211029
0.4383596 0.3546748 0.0121482
0.4396878 0.3547627 0.01206875
0.4411659 0.3541931 0.01254356
0.4403242 0.3539623 0.01310718
0.4406644 0.3538861 0.01312512
0.4406334 0.3537912 0.01317

