Far Left Front:
-0.04265767 0.4529468 0.1843356
-0.3632807 0.3359247 0.2783673
-0.5873028 0.04766481 0.3417183
-0.6869336 -0.2220391 0.3121269
-0.6127654 -0.5528506 0.2550171
-0.4311917 -0.7689658 0.1693654
-0.1098375 -0.8686639 0.08419961

Far Left:
-0.1158324 0.4860734 0.1320914
-0.4910225 0.3945933 0.05176733
-0.6918087 0.2005713 0.007196203
-0.8110194 -0.07236801 -0.05367042
-0.7748511 -0.4164381 -0.01369831
-0.5710192 -0.7334438 -0.04110969
-0.1643239 -0.896578 -0.02912258

Far Left Back:
-0.0365266 0.5138214 0.0660699
-0.4500926 0.484297 -0.1855061
-0.6230998 0.3291795 -0.310618
-0.7521934 0.04395596 -0.3972349
-0.7654724 -0.2678127 -0.4328735
-0.6188538 -0.5821488 -0.4581043
-0.3686522 -0.823028 -0.339646

Far Right Front:
0.03137867 0.5339462 0.05588578
0.3836373 0.4059973 0.2172208
0.6377115 0.04346529 0.3289794
0.678316 -0.2447733 0.3206638
0.6616157 -0.5025719 0.232981
0.5210364 -0.7566207 0.1231088
0.2652049 -0.9132354 -0.09404936

Far Right:
0.1858454 0.5427454 0.05692888
0.6232226 0.3162813 0.04815159
0.7905395 0.05466248 0.0360233
0.8418057 -0.1998428 0.0219007
0.7479405 -0.5474374 0.009979635
0.5257853 -0.8000177 -0.03929608
0.2581449 -0.9098442 -0.1379559

Far Right Back:
0.07045597 0.5542969 -0.01664083
0.4739849 0.4830652 -0.2430181
0.7052916 0.2305645 -0.3534477
0.8081357 -0.08694216 -0.4467106
0.7464131 -0.4160424 -0.4242334
0.5940065 -0.6953734 -0.3374808
0.2389199 -0.899775 -0.1020587

Middle Left Front:
-0.1261348 0.4012747 0.06098447
-0.3129796 0.2818258 0.171683
-0.4503548 0.1237064 0.2332047
-0.544676 -0.165734 0.2889093
-0.5584392 -0.4142917 0.2636739
-0.4731784 -0.649126 0.2025554
-0.295761 -0.8553467 -0.001282282

Middle Left:
-0.03982661 0.4212919 0.05841037
-0.3510466 0.3549754 0.0232474
-0.5941135 0.1074649 0.01390474
-0.6998101 -0.2187882 -0.0100102
-0.653002 -0.5478297 -0.03280395
-0.507254 -0.7557917 -0.08353189
-0.2477449 -0.8362499 -0.1001369

Middle Left Back:
-0.07595699 0.4443099 -0.1232705
-0.2508399 0.3707051 -0.183864
-0.3530536 0.2619351 -0.2319866
-0.4485595 0.07903833 -0.318161
-0.5580099 -0.2353822 -0.3402375
-0.5340913 -0.611563 -0.2934993
-0.2885268 -0.699577 -0.1351504

Middle Right Front:
0.03007406 0.4204689 0.01969172
0.260123 0.3615977 0.2328005
0.4871604 0.1771972 0.296584
0.6448392 -0.1536208 0.2776976
0.630285 -0.5170585 0.1964197
0.48287 -0.772077 0.06797543
0.2913246 -0.8933154 -0.07356279

Middle Right:
0.04656442 0.4326938 -0.006517515
0.4629613 0.2415665 -0.07288711
0.6637766 -0.004843786 -0.08404891
0.7303808 -0.2736522 -0.1226872
0.6597385 -0.6079327 -0.1432412
0.5312443 -0.758328 -0.1516611
0.2999726 -0.8601043 -0.1533459

Middle Right Back:
0.05450231 0.4655795 -0.124717
0.2799507 0.405167 -0.2549104
0.4547247 0.2263675 -0.4067132
0.5474493 -0.06403375 -0.5092201
0.5812303 -0.464215 -0.5310224
0.4828519 -0.6721003 -0.4354785
0.2765585 -0.8153712 -0.3102343

Near Left Front:
-0.04261532 0.3292416 -0.009851482
-0.2393882 0.133382 0.08233777
-0.309913 -0.01551295 0.117608
-0.3246489 -0.1911595 0.1484375
-0.2872195 -0.3825393 0.1464098
-0.2495746 -0.5076218 0.1059568
-0.1873007 -0.6807386 0.005002894

Near Left:
-0.04617603 0.3206063 -0.100905
-0.2385788 0.1765256 -0.06021113
-0.3749599 0.01624513 -0.05148399
-0.4475991 -0.2062004 -0.05822568
-0.4309118 -0.4601121 -0.05373378
-0.3413584 -0.6455329 -0.07926059
-0.2467764 -0.7999429 -0.1128727

Near Left Back:
-0.08252215 0.2949881 -0.1713898
-0.2062832 0.1900879 -0.2289829
-0.2736341 0.09361483 -0.222939
-0.3273864 -0.0866341 -0.2192207
-0.3626463 -0.2189104 -0.1972507
-0.4251834 -0.3371177 -0.27066
-0.1788732 -0.5674078 -0.2502235

Near Right Front:
0.01768717 0.3324735 -0.04053646
0.1975369 0.2035791 0.1154331
0.2510788 0.008103166 0.1145674
0.3345107 -0.1752779 0.1155004
0.36515 -0.4250057 0.1239024
0.3402563 -0.592239 0.04956548
0.2387374 -0.6930888 -0.05771277

Near Right:
0.02787142 0.3699327 -0.01664829
0.2466132 0.1875626 -0.01373394
0.31799 0.04858171 -0.05494663
0.3183199 -0.07190644 -0.1203652
0.3187418 -0.1913781 -0.1041836
0.2850208 -0.4378662 -0.158899
0.1542385 -0.6212204 -0.08147956

Near Right Back:
0.02127326 0.2353517 -0.07540138
0.2156693 0.08852176 -0.131417
0.2647341 -0.005137686 -0.1857854
0.2664308 -0.1047405 -0.2418689
0.3394616 -0.4031653 -0.2737538
0.2448991 -0.6531099 -0.243683
0.1758985 -0.6240774 -0.22428

