-0.6888897 0.1824874 -0.149071 
-0.6152728 0.2368303 0.2330209 
-0.658298 -0.1791618 -0.1405766 
-0.5370907 -0.1598281 0.2135772 
-0.5253334 -0.7108456 -0.1259294 
-0.4134632 -0.7079101 0.2667519 
0.6106382 0.2436774 0.01487184 
0.5743831 0.2311596 -0.3066078 
0.6079171 -0.1460521 0.04238641 
0.5534035 -0.1554638 -0.2699166 
0.4622731 -0.7688564 0.05229053 
0.4369408 -0.7592145 -0.2792128 
0.117898 0.2934505 -0.7082043 
-0.3013888 0.2561639 -0.7358006 
0.09835207 -0.3579685 -0.6531965 
-0.3101052 -0.3589727 -0.6683793 
