-0.6564746 0.1723773 -0.2788684 
-0.6297441 0.2409265 0.1070762 
-0.6218759 -0.1881474 -0.2539077 
-0.5440605 -0.1546359 0.1112109 
-0.4839152 -0.7164655 -0.2046266 
-0.4197263 -0.6982158 0.1981995 
0.6132045 0.2632636 0.03585112 
0.615731 0.2392471 -0.2870067 
0.6128705 -0.1253005 0.07673371 
0.5961312 -0.1462442 -0.2392958 
0.4761266 -0.7500233 0.09149465 
0.4903708 -0.7520307 -0.2408037 
0.2095407 0.279453 -0.7419038 
-0.2028783 0.2334505 -0.8177166 
0.1930176 -0.3699936 -0.666401 
-0.2106566 -0.3791206 -0.7299052 
-0.5485554 0.2917767 0.3701785 
-0.4804759 -0.08855703 0.4125094 
-0.3498717 -0.6344275 0.4548341 
0.5290866 0.299963 0.3687479 
0.5020373 -0.09098305 0.3947318 
0.3977124 -0.7271177 0.4586207 
-0.1755846 0.4422317 0.1831914 
0.1612699 0.4462907 0.1138962 
